lat = 1.261004, 1.262039,1.267013, 1.269977, 1.273744, 1.276517, 1.277926, 1.278511, 1.276841, 1.275259, 1.273350, 1.272553
lng = 103.699931, 103.700481,103.703601, 103.707282, 103.708998, 103.711774, 103.715225, 103.719759, 103.721474, 103.723083, 103.725094,  103.725874 